19960715
20030046
20060991
20030976
19800411
20191155
20140766
19840433
20020159
20010527
20111066
19940881
19810142
19960625
20204655
20080491
20100917
20121041
19860900
20010567
20110573
20070518
20030369
19920418
20000745
19920931
20131083
19960165
19930531
20100209
19910603
19990164
20130914
20180654
19860963
20030870
20131018
19910057
20150532
19890988
20140438
20091007
20110550
19790079
19860853
20051116
20000160
20191014
19961091
20020352
20150039
20100705
19800256
20190536
20000633
20111020
20060769
20000716
20040167
20100026
20070519
20040932
20160253
20140379
20050095
20020230
20110787
20200367
19831052
19791150
20110598
20130813
20170296
20010202
20110445
19990712
19890152
20190325
19920925
19990740
19791011
20030707
19890383
20030625
19970555
19960652
19960054
19980424
19900839
19901017
20130952
20060891
20120200
19820671
20010695
19980158
19870288
20000595
20050256
20130297
20140098
19920953
20150561
19940374
19800621
19900742
20060913
20121159
19790820
20180129
19850038
19961070
19970755
19920507
20010826
19970901
19920628
19940051
20000981
20110666
20060715
20100609
20120789
19990128
19940933
20130501
19870025
20201245
20200632
19880946
19820471
19880012
20020940
19910317
20100502
20120283
19860430
20180759
19790166
19890683
20171130
19900409
19840834
20190970
19850849
19850442
19990896
19910421
20130191
20180300
20020483
19940674
19920330
19980259
19960347
20060040
20080029
20100560
19850343
20050721
20206498
20030629
20000195
19940392
20130301
19970140
19900494
20020930
19910416
19891063
20040516
20209245
19990525
20000245
19920501
19930654
20140692
20130540
20151148
20190900
20080347
20000351
20181052
20090385
19880964
20170225
20040792
20031065
19980055
20110774
20080882
19891130
20030452
19790644
19860541
20131031
19930755
19860513
20130968
20150528
20131057
20070443
19960008
19920679
20060280
19870548
19870833
20205386
19900070
19810241
19950300
19910571
19970674
20204474
19961104
20050977
20031173
19870710
19880481
20040347
19860608
20000212
19970867
20170504
20120626
19840746
19860095
20150746
19970004
20150491
19930911
20141089
20140207
20180545
20070695
20204795
19860443
19800318
20060104
20180608
20090910
19920472
19920879
19960792
20001030
19980756
19820426
20070399
19920460
19951122
19950306
20080566
20170794
19830710
20030573
19810096
20110219
19970127
20060057
20160587
19790585
20000897
20060799
20150359
19881039
20120705
19900390
20130321
20150871
19940862
20100896
19991198
19940689
20060378
19970579
19991045
19830293
20090133
19990542
19960679
20020038
19980520
20050230
20140418
19810863
20080943
20150069
19950852
20040800
19950584
19960027
19910825
20191103
20050489
20170866
20091145
20170899
20090598
19901076
20121002
20061034
19951096
20150628
19860409
19880299
20040715
20080726
20130957
19900919
20121099
20140830
20130666
20190687
19901007
19960209
19861094
20170998
20060680
19820917
19960386
19820292
19910770
19830375
20090679
20070732
19970233
19980679
20030099
20203660
20170348
19900400
20150436
19930680
19990098
19940276
19920043
19850529
19960111
19881145
20050346
20130387
19910662
19800401
20100676
19810014
20010300
20100730
19870748
20020335
19890594
19920145
19960734
20190639
19990926
19960998
19840570
20170587
19890611
19980304
19970095
19820099
20060272
20080393
20170760
19991148
19970421
